

|-------------------------------------|
|    Solucao da reconfiguracao para   |
| Sistemas de distribuicao de energia |
|-------------------------------------|


|-------------------------------------|
|              Tensoes                |
|-----------|-----------|-------------|
|   Barra   |  V [kV]   |  V [p.u.]   |
|-----------|-----------|-------------|
|         1 |   12.6600 |      1.0000 |
|         2 |   12.6230 |      0.9971 |
|         3 |   12.4953 |      0.9870 |
|         4 |   12.4381 |      0.9825 |
|         5 |   12.3835 |      0.9782 |
|         6 |   12.2464 |      0.9673 |
|         7 |   12.2382 |      0.9667 |
|         8 |   12.1862 |      0.9626 |
|         9 |   12.1435 |      0.9592 |
|        10 |   12.1873 |      0.9627 |
|        11 |   12.1884 |      0.9627 |
|        12 |   12.1921 |      0.9630 |
|        13 |   12.1594 |      0.9605 |
|        14 |   12.1493 |      0.9597 |
|        15 |   12.0668 |      0.9531 |
|        16 |   12.0445 |      0.9514 |
|        17 |   12.0076 |      0.9485 |
|        18 |   11.9946 |      0.9474 |
|        19 |   12.5976 |      0.9951 |
|        20 |   12.3843 |      0.9782 |
|        21 |   12.3256 |      0.9736 |
|        22 |   12.2818 |      0.9701 |
|        23 |   12.4501 |      0.9834 |
|        24 |   12.3660 |      0.9768 |
|        25 |   12.3240 |      0.9735 |
|        26 |   12.2239 |      0.9655 |
|        27 |   12.1940 |      0.9632 |
|        28 |   12.0609 |      0.9527 |
|        29 |   11.9656 |      0.9452 |
|        30 |   11.9250 |      0.9419 |
|        31 |   11.8817 |      0.9385 |
|        32 |   11.8731 |      0.9378 |
|        33 |   11.9904 |      0.9471 |
|-----------|-----------|-------------|


|------------------------------------------------------------------------------------|
|                                 Resultados Linhas                                  |
|-------|-------|-----------|-----------|------------|--------------|----------------|
|   i   |   j   |  I [Amp]  |  P [kW]   |  Q [kVar]  | Pperdas [kW] | Qperdas [kVar] |
|-------|-------|-----------|-----------|------------|--------------|----------------|
|     1 |     2 |  369.2409 | 3844.7006 |  2397.6890 |      12.5704 |         6.4079 |
|     2 |     3 |  237.4506 | 2382.4223 |  1675.3981 |      27.7967 |        14.1577 |
|     3 |     4 |  145.6290 | 1344.8539 |  1174.0573 |       7.7621 |         3.9531 |
|     4 |     5 |  133.2747 | 1218.0848 |  1090.6096 |       6.7692 |         3.4476 |
|     5 |     6 |  126.6111 | 1144.9559 |  1049.2762 |      13.1289 |        11.3335 |
|     6 |     7 |   20.5006 |  200.0000 |   100.0000 |       0.0787 |         0.2601 |
|     7 |     8 |    0.0000 |    0.0000 |     0.0000 |       0.0000 |         0.0000 |
|     8 |     9 |   35.7119 |  393.1900 |   153.2035 |       1.3136 |         0.9438 |
|     9 |    10 |    0.0000 |    0.0000 |     0.0000 |       0.0000 |         0.0000 |
|    10 |    11 |   10.5884 |  -60.0220 |   -20.0073 |       0.0220 |         0.0073 |
|    11 |    12 |   14.7422 | -105.1034 |   -50.0342 |       0.0814 |         0.0269 |
|    12 |    13 |   20.3411 |  180.1517 |   115.1997 |       0.6074 |         0.4779 |
|    13 |    14 |   16.7386 |  120.0000 |    80.0000 |       0.1517 |         0.1997 |
|    14 |    15 |    0.0000 |    0.0000 |     0.0000 |       0.0000 |         0.0000 |
|    15 |    16 |   24.7654 |  270.8668 |   121.0039 |       0.4577 |         0.3343 |
|    16 |    17 |   20.8583 |  210.3060 |   100.2551 |       0.5608 |         0.7488 |
|    17 |    18 |   17.9556 |  150.0700 |    80.0700 |       0.2360 |         0.1851 |
|     2 |    19 |  120.8150 | 1332.0878 |   645.8488 |       2.3938 |         2.2843 |
|    19 |    20 |  110.7138 | 1223.6500 |   589.2349 |      18.4378 |        16.6139 |
|    20 |    21 |  102.2392 | 1129.3696 |   544.2343 |       4.2804 |         5.0006 |
|    21 |    22 |   40.3429 |  438.0978 |   242.9471 |       1.1538 |         1.5255 |
|     3 |    23 |   84.9440 |  936.5507 |   455.1632 |       3.2556 |         2.2245 |
|    23 |    24 |   76.3013 |  841.3226 |   401.0349 |       5.2281 |         4.1283 |
|    24 |    25 |   38.4202 |  420.0000 |   200.0000 |       1.3226 |         1.0349 |
|     6 |    26 |  104.6338 |  882.6548 |   927.8841 |       2.2225 |         1.1320 |
|    26 |    27 |   99.4888 |  819.8417 |   901.4518 |       2.8130 |         1.4322 |
|    27 |    28 |   93.3995 |  750.6036 |   868.3067 |       9.2381 |         8.1451 |
|    28 |    29 |   88.6891 |  684.2780 |   842.7960 |       6.3256 |         5.5108 |
|    29 |    30 |   77.3925 |  561.2382 |   771.2477 |       3.0397 |         1.5483 |
|    30 |    31 |   33.6509 |  360.1348 |   170.1572 |       1.1034 |         1.0905 |
|    31 |    32 |   20.8394 |  210.0000 |   100.0000 |       0.1348 |         0.1572 |
|    32 |    33 |    0.0000 |    0.0000 |     0.0000 |       0.0000 |         0.0000 |
|     8 |    21 |   52.9831 | -600.1180 |  -259.7617 |       5.6144 |         5.6144 |
|     9 |    15 |   30.5402 |  331.3246 |   131.3381 |       1.8654 |         1.8654 |
|    12 |    22 |   33.4308 | -348.0978 |  -202.9471 |       2.2352 |         2.2352 |
|    18 |    33 |   11.8360 |   60.0000 |    40.0000 |       0.0700 |         0.0700 |
|    25 |    29 |    0.0000 |    0.0000 |     0.0000 |       0.0000 |         0.0000 |
|-------|-------|-----------|-----------|------------|--------------|----------------|


Para S = 0 e Y = 50
Perda Total = 142.271034

Linhas desconectadas:
7
9
14
32
37

Tempo do solucionador: 0.312000 s

